Gen	Col	NumActs1	NumActs2	WorkAlloc1	WorkAlloc2	Idle	Fitness
0	0	0	0	0	0		5	0
0	1	0	0	0	0		5	0
0	2	0	0	0	0		5	0
0	3	0	0	0	0		5	0
0	4	0	0	0	0		5	0
0	5	0	0	0	0		5	0
0	6	0	0	0	0		5	0
0	7	0	0	0	0		5	0
0	8	0	0	0	0		5	0
0	9	0	0	0	0		5	0
0	10	0	0	0	0		5	0
0	11	0	0	0	0		5	0
0	12	0	0	0	0		5	0
0	13	0	0	0	0		5	0
0	14	0	0	0	0		5	0
0	15	0	0	0	0		5	0
0	16	0	0	0	0		5	0
0	17	0	0	0	0		5	0
0	18	0	0	0	0		5	0
0	19	0	0	0	0		5	0
0	20	0	0	0	0		5	0
0	21	0	0	0	0		5	0
0	22	0	0	0	0		5	0
0	23	0	0	0	0		5	0
0	24	0	0	0	0		5	0
0	25	0	0	0	0		5	0
0	26	0	0	0	0		5	0
0	27	0	0	0	0		5	0
0	28	0	0	0	0		5	0
0	29	0	0	0	0		5	0
0	30	0	0	0	0		5	0
0	31	0	0	0	0		5	0
0	32	0	0	0	0		5	0
0	33	0	0	0	0		5	0
0	34	0	0	0	0		5	0
0	35	0	0	0	0		5	0
0	36	0	0	0	0		5	0
0	37	0	0	0	0		5	0
0	38	0	0	0	0		5	0
0	39	0	0	0	0		5	0
0	40	0	0	0	0		5	0
0	41	0	0	0	0		5	0
0	42	0	0	0	0		5	0
0	43	0	0	0	0		5	0
0	44	0	0	0	0		5	0
0	45	0	0	0	0		5	0
0	46	0	0	0	0		5	0
0	47	0	0	0	0		5	0
0	48	0	0	0	0		5	0
0	49	0	0	0	0		5	0
0	50	0	0	0	0		5	0
0	51	0	0	0	0		5	0
0	52	0	0	0	0		5	0
0	53	0	0	0	0		5	0
0	54	0	0	0	0		5	0
0	55	0	0	0	0		5	0
0	56	0	0	0	0		5	0
0	57	0	0	0	0		5	0
0	58	0	0	0	0		5	0
0	59	0	0	0	0		5	0
0	60	0	0	0	0		5	0
0	61	0	0	0	0		5	0
0	62	0	0	0	0		5	0
0	63	0	0	0	0		5	0
0	64	0	0	0	0		5	0
0	65	0	0	0	0		5	0
0	66	0	0	0	0		5	0
0	67	0	0	0	0		5	0
0	68	0	0	0	0		5	0
0	69	0	0	0	0		5	0
0	70	0	0	0	0		5	0
0	71	0	0	0	0		5	0
0	72	0	0	0	0		5	0
0	73	0	0	0	0		5	0
0	74	0	0	0	0		5	0
0	75	0	0	0	0		5	0
0	76	0	0	0	0		5	0
0	77	0	0	0	0		5	0
0	78	0	0	0	0		5	0
0	79	0	0	0	0		5	0
0	80	0	0	0	0		5	0
0	81	0	0	0	0		5	0
0	82	0	0	0	0		5	0
0	83	0	0	0	0		5	0
0	84	0	0	0	0		5	0
0	85	0	0	0	0		5	0
0	86	0	0	0	0		5	0
0	87	0	0	0	0		5	0
0	88	0	0	0	0		5	0
0	89	0	0	0	0		5	0
0	90	0	0	0	0		5	0
0	91	0	0	0	0		5	0
0	92	0	0	0	0		5	0
0	93	0	0	0	0		5	0
0	94	0	0	0	0		5	0
0	95	0	0	0	0		5	0
0	96	0	0	0	0		5	0
0	97	0	0	0	0		5	0
0	98	0	0	0	0		5	0
0	99	0	0	0	0		5	0
1	0	3	1	0.6	0.2		1	0
1	1	0	0	0	0		5	0
1	2	0	2	0	0.4		3	0
1	3	2	1	0.4	0.2		2	0
1	4	0	0	0	0		5	0
1	5	1	1	0.2	0.2		3	0
1	6	2	0	0.4	0		3	0
1	7	2	2	0.4	0.4		1	0
1	8	1	0	0.2	0		4	0
1	9	0	0	0	0		5	0
1	10	2	0	0.4	0		3	0
1	11	2	1	0.4	0.2		2	0
1	12	2	1	0.4	0.2		2	0
1	13	0	0	0	0		5	0
1	14	1	2	0.2	0.4		2	0
1	15	2	0	0.4	0		3	0
1	16	1	1	0.2	0.2		3	0
1	17	0	0	0	0		5	0
1	18	0	0	0	0		5	0
1	19	1	0	0.2	0		4	0
1	20	0	1	0	0.2		4	0
1	21	2	1	0.4	0.2		2	0
1	22	2	0	0.4	0		3	0
1	23	1	1	0.2	0.2		3	0
1	24	2	1	0.4	0.2		2	0
1	25	0	0	0	0		5	0
1	26	2	0	0.4	0		3	0
1	27	2	0	0.4	0		3	0
1	28	3	1	0.6	0.2		1	0
1	29	0	3	0	0.6		2	0
1	30	2	1	0.4	0.2		2	0
1	31	1	0	0.2	0		4	0
1	32	1	1	0.2	0.2		3	0
1	33	0	1	0	0.2		4	0
1	34	2	2	0.4	0.4		1	0
1	35	1	0	0.2	0		4	0
1	36	2	0	0.4	0		3	0
1	37	1	1	0.2	0.2		3	0
1	38	1	1	0.2	0.2		3	0
1	39	0	0	0	0		5	0
1	40	2	1	0.4	0.2		2	0
1	41	3	1	0.6	0.2		1	0
1	42	3	0	0.6	0		2	0
1	43	0	0	0	0		5	0
1	44	0	1	0	0.2		4	0
1	45	1	0	0.2	0		4	0
1	46	1	0	0.2	0		4	0
1	47	2	1	0.4	0.2		2	0
1	48	1	1	0.2	0.2		3	0
1	49	2	0	0.4	0		3	0
1	50	1	0	0.2	0		4	0
1	51	2	1	0.4	0.2		2	0
1	52	2	0	0.4	0		3	0
1	53	1	0	0.2	0		4	0
1	54	0	0	0	0		5	0
1	55	0	0	0	0		5	0
1	56	2	0	0.4	0		3	0
1	57	3	0	0.6	0		2	0
1	58	0	1	0	0.2		4	0
1	59	2	1	0.4	0.2		2	0
1	60	0	1	0	0.2		4	0
1	61	0	1	0	0.2		4	0
1	62	1	1	0.2	0.2		3	0
1	63	1	0	0.2	0		4	0
1	64	2	0	0.4	0		3	0
1	65	1	1	0.2	0.2		3	0
1	66	2	0	0.4	0		3	0
1	67	0	0	0	0		5	0
1	68	0	0	0	0		5	0
1	69	1	0	0.2	0		4	0
1	70	2	0	0.4	0		3	0
1	71	4	0	0.8	0		1	0
1	72	1	0	0.2	0		4	0
1	73	0	0	0	0		5	0
1	74	0	0	0	0		5	0
1	75	1	0	0.2	0		4	0
1	76	0	0	0	0		5	0
1	77	0	0	0	0		5	0
1	78	2	2	0.4	0.4		1	0
1	79	0	2	0	0.4		3	0
1	80	1	0	0.2	0		4	0
1	81	0	1	0	0.2		4	0
1	82	2	0	0.4	0		3	0
1	83	1	1	0.2	0.2		3	0
1	84	0	3	0	0.6		2	0
1	85	0	0	0	0		5	0
1	86	3	0	0.6	0		2	0
1	87	0	0	0	0		5	0
1	88	1	2	0.2	0.4		2	0
1	89	2	1	0.4	0.2		2	0
1	90	0	4	0	0.8		1	0
1	91	2	0	0.4	0		3	0
1	92	2	0	0.4	0		3	0
1	93	3	0	0.6	0		2	0
1	94	0	1	0	0.2		4	0
1	95	1	0	0.2	0		4	0
1	96	1	0	0.2	0		4	0
1	97	1	1	0.2	0.2		3	0
1	98	1	1	0.2	0.2		3	0
1	99	2	0	0.4	0		3	0
2	0	1	1	0.2	0.2		3	0
2	1	0	1	0	0.2		4	0
2	2	1	0	0.2	0		4	0
2	3	0	0	0	0		5	0
2	4	1	0	0.2	0		4	0
2	5	1	0	0.2	0		4	0
2	6	1	2	0.2	0.4		2	0
2	7	1	2	0.2	0.4		2	0
2	8	0	3	0	0.6		2	0
2	9	2	0	0.4	0		3	0
2	10	2	0	0.4	0		3	0
2	11	0	0	0	0		5	0
2	12	2	0	0.4	0		3	0
2	13	0	1	0	0.2		4	0
2	14	2	0	0.4	0		3	0
2	15	0	0	0	0		5	0
2	16	2	0	0.4	0		3	0
2	17	1	0	0.2	0		4	0
2	18	1	0	0.2	0		4	0
2	19	0	0	0	0		5	0
2	20	0	0	0	0		5	0
2	21	2	2	0.4	0.4		1	0
2	22	0	2	0	0.4		3	0
2	23	0	0	0	0		5	0
2	24	0	0	0	0		5	0
2	25	2	2	0.4	0.4		1	0
2	26	0	1	0	0.2		4	0
2	27	2	0	0.4	0		3	0
2	28	4	1	0.8	0.2		0	0
2	29	2	0	0.4	0		3	0
2	30	1	0	0.2	0		4	0
2	31	0	0	0	0		5	0
2	32	0	0	0	0		5	0
2	33	1	0	0.2	0		4	0
2	34	0	0	0	0		5	0
2	35	2	0	0.4	0		3	0
2	36	2	0	0.4	0		3	0
2	37	0	0	0	0		5	0
2	38	1	0	0.2	0		4	0
2	39	1	1	0.2	0.2		3	0
2	40	1	1	0.2	0.2		3	0
2	41	2	1	0.4	0.2		2	0
2	42	0	0	0	0		5	0
2	43	1	0	0.2	0		4	0
2	44	2	1	0.4	0.2		2	0
2	45	2	0	0.4	0		3	0
2	46	1	0	0.2	0		4	0
2	47	0	2	0	0.4		3	0
2	48	0	2	0	0.4		3	0
2	49	2	0	0.4	0		3	0
2	50	1	0	0.2	0		4	0
2	51	1	0	0.2	0		4	0
2	52	0	1	0	0.2		4	0
2	53	0	1	0	0.2		4	0
2	54	0	1	0	0.2		4	0
2	55	1	0	0.2	0		4	0
2	56	1	0	0.2	0		4	0
2	57	0	2	0	0.4		3	0
2	58	0	0	0	0		5	0
2	59	2	1	0.4	0.2		2	0
2	60	1	0	0.2	0		4	0
2	61	0	0	0	0		5	0
2	62	0	2	0	0.4		3	0
2	63	2	0	0.4	0		3	0
2	64	1	1	0.2	0.2		3	0
2	65	2	1	0.4	0.2		2	0
2	66	1	0	0.2	0		4	0
2	67	0	0	0	0		5	0
2	68	1	0	0.2	0		4	0
2	69	1	0	0.2	0		4	0
2	70	0	0	0	0		5	0
2	71	3	0	0.6	0		2	0
2	72	0	0	0	0		5	0
2	73	2	0	0.4	0		3	0
2	74	1	0	0.2	0		4	0
2	75	3	0	0.6	0		2	0
2	76	0	2	0	0.4		3	0
2	77	2	0	0.4	0		3	0
2	78	1	1	0.2	0.2		3	0
2	79	1	0	0.2	0		4	0
2	80	0	2	0	0.4		3	0
2	81	0	1	0	0.2		4	0
2	82	0	1	0	0.2		4	0
2	83	0	0	0	0		5	0
2	84	1	0	0.2	0		4	0
2	85	1	1	0.2	0.2		3	0
2	86	0	2	0	0.4		3	0
2	87	0	0	0	0		5	0
2	88	0	1	0	0.2		4	0
2	89	3	0	0.6	0		2	0
2	90	1	1	0.2	0.2		3	0
2	91	1	0	0.2	0		4	0
2	92	3	0	0.6	0		2	0
2	93	1	0	0.2	0		4	0
2	94	1	0	0.2	0		4	0
2	95	1	0	0.2	0		4	0
2	96	1	1	0.2	0.2		3	0
2	97	0	0	0	0		5	0
2	98	1	0	0.2	0		4	0
2	99	1	0	0.2	0		4	0
